4253122607 1473424614 41844689
3040447798 2659805568 46237011
0 146022665 42081460
55436822 188104125 65067713
42081460 132667303 13355362
2429043181 3587614447 54605699
888256662 672288214 24436041
4064969883 1978094070 95324589
3086684809 977403736 339965972
120504535 253171838 93494065
2810558403 2603914183 55891385
3898695123 2901215107 166274760
2483648880 4002918707 103777141
1300545784 2848997109 52217998
2418717938 1463099371 10325243
1022681665 808998429 30429585
2866449788 1411682577 4750813
1181605510 4172708724 118940274
2078503930 2466708865 42530000
1105548530 1545561518 76056980
978705579 2573458117 30456066
2324405069 1317369708 94312869
1991848966 3429793336 22435712
4190586687 2706042579 43180396
1352763782 1416433390 46665981
3760606255 1683093685 138088868
1399429763 3452229048 135385399
2121033930 839428014 137975722
2940673664 2749222975 99774134
1053111250 2073418659 52437280
3426650781 1821182553 152991287
1534815162 2195329002 252024339
730962658 3067489867 157294004
3579642068 710244275 98754154
1786839501 3224783871 205009465
2259009652 1974173840 3920230
2587426021 370264097 223132382
2871200601 2125855939 69473063
213998600 44701447 87965856
4233767083 2447353341 19355524
2262929882 1621618498 61475187
1009161645 696724255 13520020
3678396222 593396479 78891735
912692703 4106695848 66012876
3757287957 4291648998 3318298
301964456 0 44701447
2014284678 2509238865 64219252
370264097 3642220146 360698561
4160294472 1515269303 30292215
