3244927 955737016 9389705
380524056 2531586403 38604778
3713586211 965126721 158937945
3122843287 1406574654 236795236
776685423 1643369890 534268825
2053493196 0 55930434
582662115 695344450 194023308
3885666529 3855399097 320692779
88096722 283368340 98672354
1901561222 3703467123 151931974
1317500428 2570191181 151780331
3872524156 3690324750 13142373
2109423630 249685414 30437999
1310954248 4199813128 6546180
1751790747 382040694 149770475
3056474029 889367758 66369258
2139861629 4176091876 23721252
12634632 2721971512 75462090
186769076 55930434 193754980
419128834 531811169 163533281
3359638523 2177638715 353947688
2163582881 2797433602 892891148
1469280759 1124064666 282509988
0 280123413 3244927
