2756401132 2384899493 13749631
1163093625 0 117407544
3603435593 3599927411 262731037
2081436411 2089913126 119300659
693703633 117407544 395383894
1672621164 1405157690 24997208
3873714258 2780774148 107551276
3355072403 2593861641 186912507
1953100586 3862658448 62069331
143286272 672639421 194814248
1562062673 1010739941 110558491
2869050867 2888325424 31673634
3159859886 2398649124 195212517
2900724501 3298674599 34708838
2243940568 4059045429 56605170
691405879 1193483066 2297754
2300545738 2005749676 25248062
3541984910 3924727779 61450683
2200737070 3986178462 43203498
3981265534 2030997738 58915388
2530829166 4276276595 18690701
621411866 641250212 31389209
1784026205 4037549491 21495938
1519774068 1362869085 42288605
3866166630 3584674072 7547628
652801075 1430154898 38604804
2015169917 4029381960 8167531
2770150763 2936555750 98900104
1813227854 2258880377 123316040
3032290681 1784026205 127569205
0 867453669 143286272
1805522143 3592221700 7705711
4040180922 3043888225 254786374
2023337448 3035455854 8432371
3029587605 2382196417 2703076
392553196 1468759702 228858670
2710145863 3538418803 46255269
1089087527 567244114 74006098
2325793800 3333383437 205035366
2549519867 4115650599 160625996
338100520 512791438 54452676
2935433339 1911595410 94154266
1280501169 1121298432 72184634
1352685803 1195780820 167088265
2031769819 2209213785 49666592
1936543894 2919999058 16556692
