3434127746 3670736129 29685965
1809924203 1168707872 308179
2108903682 1437989162 44479258
237181023 2915565442 27901445
1173998623 2434447796 13633544
75539025 740516241 29278225
41104738 706081954 34434287
3279397405 3488165796 12149874
3463813711 3827946213 157129363
1810232382 769794466 15695437
877824710 677909236 28172718
2215709448 1746651561 307558709
1825927819 1692597620 54053941
104817250 420198730 132363773
2916210208 392942051 27256679
1022591555 2448081340 151407068
3925105941 3985075576 182313682
1897186025 2212065968 211717657
2198981202 1304666789 16728246
850656807 2054210270 27167903
3766599721 3500315670 158506220
3419071398 3279397405 15056348
7830088 2126976435 33274650
3620943074 3658821890 11914239
1264213180 2599488408 138420934
811586355 2160251085 12020898
3632857313 3354423388 133742408
1612763314 1169016051 108601184
1721364498 2172271983 39793985
1187632167 601328223 76581013
823607253 1277617235 27049554
728944387 2737909342 82641968
0 2426617708 7830088
3291547279 3700422094 127524119
1402634114 1482468420 210129200
905997428 1321395035 107714902
4107419623 3294453753 59969635
1879981760 785489903 17204265
2153382940 2081378173 45598262
277361019 802694168 366013704
1761158483 552562503 48765720
646208806 2832829861 82735581
2523268157 0 392942051
1013712330 1429109937 8879225
643374723 2423783625 2834083
265082468 2820551310 12278551
