4066036887 2992193346 95912236
531075515 493316918 162009008
3260565192 854248031 437396028
1341316194 4205924684 89042612
1879858967 2058162578 692895326
452475911 655325926 78599604
2997176790 1690328655 208783332
2731804884 3324847814 265371906
355611136 0 96864775
2572754293 1899111987 159050591
1081338600 3590219720 138271571
1430358806 2779435417 212757929
3234337635 4179697127 26227557
854248031 3728491291 227090569
4161949123 3955581860 102409244
3205960122 2751057904 28377513
50952557 147817332 304658579
1219610171 4057991104 121706023
4264358367 1291644059 30608929
3697961220 1322252988 368075667
1643116735 3088105582 236742232
693084523 452475911 40841007
0 96864775 50952557
